*1000Hz	-37.4

20.00	-1.2
20.55	-1.0
21.11	-0.8
21.69	-0.6
22.29	-0.4
22.90	-0.3
23.53	-0.2
24.18	-0.1
24.84	-0.1
25.52	0.0
26.22	0.0
26.94	-0.1
27.68	-0.1
28.44	-0.1
29.22	-0.2
30.03	-0.2
30.85	-0.2
31.70	-0.3
32.57	-0.3
33.46	-0.3
34.38	-0.3
35.33	-0.3
36.30	-0.3
37.29	-0.3
38.32	-0.3
39.37	-0.3
40.45	-0.3
41.56	-0.3
42.70	-0.2
43.87	-0.2
45.08	-0.2
46.32	-0.1
47.59	-0.1
48.90	-0.1
50.24	-0.1
51.62	0.0
53.03	0.0
54.49	0.0
55.99	0.1
57.52	0.1
59.10	0.1
60.73	0.1
62.39	0.2
64.11	0.2
65.87	0.2
67.68	0.2
69.54	0.2
71.44	0.2
73.41	0.2
75.42	0.1
77.49	0.1
79.62	0.1
81.81	0.1
84.05	0.1
86.36	0.1
88.73	0.2
91.17	0.2
93.67	0.2
96.25	0.2
98.89	0.2
101.60	0.2
104.39	0.2
107.26	0.2
110.21	0.2
113.23	0.3
116.34	0.3
119.54	0.4
122.82	0.4
126.19	0.3
129.66	0.3
133.22	0.3
136.87	0.3
140.63	0.2
144.50	0.2
148.46	0.3
152.54	0.3
156.73	0.2
161.03	0.2
165.45	0.2
170.00	0.1
174.67	0.1
179.46	0.1
184.39	0.1
189.45	0.1
194.65	0.1
200.00	0.2
205.49	0.2
211.13	0.2
216.93	0.2
222.89	0.2
229.01	0.3
235.30	0.3
241.76	0.3
248.40	0.3
255.22	0.3
262.23	0.3
269.43	0.3
276.83	0.2
284.43	0.2
292.24	0.1
300.26	0.0
308.51	-0.1
316.98	-0.1
325.68	-0.1
334.63	-0.1
343.81	0.0
353.26	0.0
362.96	0.1
372.92	0.1
383.16	0.2
393.68	0.2
404.49	0.2
415.60	0.2
427.01	0.1
438.74	0.1
450.79	0.0
463.17	0.0
475.88	0.0
488.95	0.0
502.38	0.1
516.17	0.0
530.35	-0.1
544.91	0.0
559.87	0.1
575.25	0.1
591.04	0.2
607.27	0.2
623.95	0.2
641.08	0.2
658.68	0.3
676.77	0.3
695.35	0.3
714.45	0.3
734.07	0.3
754.22	0.3
774.94	0.3
796.21	0.3
818.08	0.4
840.54	0.4
863.62	0.4
887.34	0.4
911.70	0.4
936.74	0.4
962.46	0.3
988.89	0.2
1016.04	0.0
1043.94	-0.1
1072.61	-0.2
1102.06	-0.3
1132.33	-0.3
1163.42	-0.3
1195.37	-0.3
1228.19	-0.3
1261.91	-0.3
1296.57	-0.3
1332.17	-0.3
1368.75	-0.3
1406.34	-0.4
1444.95	-0.4
1484.63	-0.4
1525.40	-0.4
1567.28	-0.4
1610.32	-0.5
1654.54	-0.5
1699.97	-0.5
1746.65	-0.5
1794.61	-0.3
1843.89	-0.1
1894.53	0.0
1946.55	0.1
2000.00	0.0
2054.92	-0.1
2111.35	-0.2
2169.32	-0.2
2228.89	-0.2
2290.10	-0.3
2352.98	-0.4
2417.59	-0.4
2483.98	-0.3
2552.19	-0.3
2622.27	-0.3
2694.27	-0.3
2768.26	-0.3
2844.27	-0.3
2922.37	-0.2
3002.62	-0.1
3085.07	0.0
3169.79	0.1
3256.83	0.3
3346.26	0.6
3438.14	1.0
3532.55	1.2
3629.56	1.2
3729.22	0.8
3831.62	0.1
3936.84	-0.7
4044.94	-1.4
4156.01	-1.7
4270.14	-1.5
4387.39	-1.0
4507.87	-0.5
4631.65	-0.4
4758.83	-0.5
4889.51	-0.9
5023.77	-1.2
5161.72	-1.6
5303.46	-1.8
5449.09	-1.9
5598.72	-2.0
5752.46	-2.3
5910.42	-2.6
6072.72	-2.6
6239.47	-2.3
6410.80	-1.8
6586.84	-1.5
6767.71	-1.7
6953.55	-2.1
7144.49	-2.2
7340.67	-1.3
7542.24	-0.1
7749.35	0.6
7962.14	0.3
8180.78	-0.5
8405.42	-0.9
8636.23	-0.6
8873.37	-0.1
9117.03	0.0
9367.38	-0.6
9624.61	-1.0
9888.89	-1.3
10160.44	-2.0
10439.44	-2.6
10726.10	-2.4
11020.63	-2.2
11323.25	-2.5
11634.18	-2.1
11953.65	-0.9
12281.89	-0.3
12619.15	-0.9
12965.66	-0.8
13321.69	-0.5
13687.50	-0.7
14063.35	-0.8
14449.52	-0.6
14846.30	-1.0
15253.97	-1.6
15672.84	-1.4
16103.21	-1.1
16545.39	-1.3
16999.72	-1.2
17466.52	-2.1
17946.14	-1.7
18438.94	-0.9
18945.26	-0.8
19465.49	-1.5
20000.00	-0.2
